           72
Energy of minimum      1=  1 first found at step        5 after                  245 function calls
        0.1
        0.2
        0.3
        0.4
        0.5
        0.6
        0.7
        0.8
        0.9
        1.0
        0.1
        0.2
        0.3
        0.4
        0.5
        0.6
        0.7
        0.8
        0.9
        1.0
        0.1
        0.2
        0.3
        0.4
        0.5
        0.6
        0.7
        0.8
        0.9
        1.0
        0.1
        0.2
        0.3
        0.4
        0.5
        0.6
        0.7
        0.8
        0.9
        1.0
        0.1
        0.2
        0.3
        0.4
        0.5
        0.6
        0.7
        0.8
        0.9
        1.0
        0.1
        0.2
        0.3
        0.4
        0.5
        0.6
        0.7
        0.8
        0.9
        1.0
        0.1
        0.2
        0.3
        0.4
        0.5
        0.6
        0.7
        0.8
        0.9
        1.0
        0.1
        0.2
           72
Energy of minimum      1=  -5.128399182822014  first found at step        5 after                  245 function calls
        -0.602126841203708
0.132166141046146
0.594847869004424
0.392769965835236
0.591551234933985
0.741135251973725
1.26099778824329
1.37407313715913
0.247709428442798
1.21868720066553
-1.41684703577927
0.822124514732156
0.905919352085967
0.446328207832895
0.926305050385543
0.935011416160001
-0.6129375235729
0.234886080462407
-0.282870320534237
-0.60003641260583
2.49646595478828
-0.576511215233196
1.1563985368205
0.755798000213767
0.729728054046963
-0.228717712680897
0.93247522815483
1.18697531705526
-0.191578563408815
0.163900998165828
0.265905755984945
-0.303997841659954
0.622342636571935
-0.146644429404666
-1.14711552979278
-1.45937704839178
0.146587902445649
-0.428170386677125
0.610809210470961
0.827931590587949
3.10615308372103
-0.76112784773859
-0.142561869436853
1.73230747964121
1.83643237585508
0.877398674530058
0.62667928772697
-0.707673478975317
5.54711315897127
0.151026649260001
-4.01268212740441
0.541719193605625
-1.30500860826532
-0.546257909725548
-0.16396993286881
1.10919578426873
1.37800953233824
-0.108563108286083
1.96747566621383
1.75558227715467
2.23038821106341
0.533794604945408
-1.29862372886136
1.4015138109696
2.69017315526238
-0.945223548953156
2.13860431637857
0.150410494967817
0.475270157168349
3.9453284880413
0.304012236068257
-0.780666511291863
