           22
Energy of minimum      1=  1 first found at step        5 after                  245 function calls
        0.1
        0.2
        0.3
        0.4
        0.5
        0.6
        0.7
        0.8
        0.9
        1.0
        0.1
        0.2
        0.3
        0.4
        0.5
        0.6
        0.7
        0.8
        0.9
        1.0
        0.1
        0.2
          22
Energy of minimum      1=   -9.1161583379142  first found at step        5 after                  245 function calls
        1.5707963267949
0.0766576520060907
1.5707963267949
-0.0791562542129391
-1.45668916768696e-25
-0.119668449912454
1.5707963267949
2.98186823429608
1.5707963267949
0.31465966198209
3.46726153122816
0.0378496286832897
-3.45584817497445
0.863400988449881
2.98710323008452
0.937020084709823
1.35440725328567
3.08105148541704
1.35497279916872
2.1317942417093
-0.0936769852847939
-2.04899111481881
