           101
Energy of minimum      1=  1 first found at step        5 after                  245 function calls
        0.1
        0.2
        0.3
        0.4
        0.5
        0.6
        0.7
        0.8
        0.9
        1.0
        0.1
        0.2
        0.3
        0.4
        0.5
        0.6
        0.7
        0.8
        0.9
        1.0
        0.1
        0.2
        0.3
        0.4
        0.5
        0.6
        0.7
        0.8
        0.9
        1.0
        0.1
        0.2
        0.3
        0.4
        0.5
        0.6
        0.7
        0.8
        0.9
        1.0
        0.1
        0.2
        0.3
        0.4
        0.5
        0.6
        0.7
        0.8
        0.9
        1.0
        0.1
        0.2
        0.3
        0.4
        0.5
        0.6
        0.7
        0.8
        0.9
        1.0
        0.1
        0.2
        0.3
        0.4
        0.5
        0.6
        0.7
        0.8
        0.9
        1.0
        0.1
        0.2
        0.3
        0.4
        0.5
        0.6
        0.7
        0.8
        0.9
        1.0
        0.1
        0.2
        0.3
        0.4
        0.5
        0.6
        0.7
        0.8
        0.9
        1.0
        0.1
        0.2
        0.3
        0.4
        0.5
        0.6
        0.7
        0.8
        0.9
        1.0
        0.1
        101
Energy of minimum      1=  1 first found at step        5 after                  245 function calls
        -1.57082231689556
1.1456733072261
-0.168566332900926
0.00609858730925003
2.48323347346173
0.935794955232463
1.18669775663254
-2.47507888707844
1.15885553391944
1.20170259584325
-0.413925732369488
0.480656700214319
-2.10100256269937
-0.481039444989496
0.29050029243055
-2.48050109475259
2.70831222246544
1.10644686809428
-0.231126715013075
0.833753016255554
-0.478881219686724
2.09462913923259
2.04959809367205
0.784708444439255
3.1539637123609
-0.780092216268996
0.706924059726199
1.93922193840994
1.03537350496577
1.99491349687203
1.46733108186665
-0.361275608635507
4.71469922390137
3.22921800774355
-6.28399773761731
3.13839341027651
1.65056749171042
-1.10562772147824
0.420991037539428
3.75648708429154
-0.366169329364759
7.14460262966041
-1.20271310028414
-6.96512068380014
-2.50596032700993
-1.0473289253244
2.2524065341424
0.380447990341527
4.66642497554752
2.62686912027401
-0.238874098011497
0.112031049182557
1.62587628788053
-0.288313494287216
0.00540351244902193
3.42507869259344
2.72098657211499
-3.48882861056341
-0.590844547007522
0.975973815761753
-1.07095538384028
-1.6974928009935
-4.27706284114904
-2.85370117800968
6.02439139729631
-1.97088944752269
1.4505001467673
0.717213145737415
4.05362612121785
0.890842288947765
-2.15715944034586
0.186711557456034
-4.57707397584358
0.612911116360027
-2.2737452672039
-0.065258067768495
2.26193788169527
-4.10232882956483
-1.92517366939649
5.94215740897499
-2.1638062081002
-2.97761707099154
0.0107221955918739
-3.24313031714169
-0.922559934879666
4.79925892035813
6.40053756929042
-2.54980164593045
-1.67892879180864
0.0496287391394618
-0.205671350734441
0.517009878014701
-0.849005277562205
0.96486051136119
0.326917140306833
0.564924538688792
0.00895902844690636
2.59329658559813
5.36066185117435
-0.506252448597557
-5.49921428085815
