           130
Energy of minimum      1=  1 first found at step        5 after                  245 function calls
        0.1
        0.2
        0.3
        0.4
        0.5
        0.6
        0.7
        0.8
        0.9
        1.0
        0.1
        0.2
        0.3
        0.4
        0.5
        0.6
        0.7
        0.8
        0.9
        1.0
        0.1
        0.2
        0.3
        0.4
        0.5
        0.6
        0.7
        0.8
        0.9
        1.0
        0.1
        0.2
        0.3
        0.4
        0.5
        0.6
        0.7
        0.8
        0.9
        1.0
        0.1
        0.2
        0.3
        0.4
        0.5
        0.6
        0.7
        0.8
        0.9
        1.0
        0.1
        0.2
        0.3
        0.4
        0.5
        0.6
        0.7
        0.8
        0.9
        1.0
        0.1
        0.2
        0.3
        0.4
        0.5
        0.6
        0.7
        0.8
        0.9
        1.0
        0.1
        0.2
        0.3
        0.4
        0.5
        0.6
        0.7
        0.8
        0.9
        1.0
        0.1
        0.2
        0.3
        0.4
        0.5
        0.6
        0.7
        0.8
        0.9
        1.0
        0.1
        0.2
        0.3
        0.4
        0.5
        0.6
        0.7
        0.8
        0.9
        1.0
        0.1
        0.2
        0.3
        0.4
        0.5
        0.6
        0.7
        0.8
        0.9
        1.0
        0.1
        0.2
        0.3
        0.4
        0.5
        0.6
        0.7
        0.8
        0.9
        1.0
        0.1
        0.2
        0.3
        0.4
        0.5
        0.6
        0.7
        0.8
        0.9
        1.0
        130
Energy of minimum      1=   -9.364927648773898 first found at step        5 after                  245 function calls
        -5.20746688594369
16.7431716842287
86.1160623892966
24.7980909619003
-23.9974742304369
-43.3413796723908
-3.20271394358743
-31.6305018825315
-0.727858741192774
-84.7065574377386
22.1217772630556
-8.41819715133499
-40.9508049082099
1.57904195131727
-21.2005557187639
15.5397448865569
29.7147917644846
-76.9564407742112
3.46813256388193
32.4096841382332
30.6763469079784
-63.3783696399119
-4.75753432582415
19.5634307789538
-86.3476901305727
-83.6154399736278
8.04234054818079
63.4222299034661
10.578036025463
220.815951125999
-24.1386035793482
137.150017191393
-159.250302815048
-141.797369031608
266.962159862701
398.847490064438
-148.262774519269
1.90437825194149
20.1390781643659
48.344941978689
99.2689681321392
243.235434793107
-298.921322880272
2.59742641981689
-47.4231180645889
-12.0594787810592
116.774001393885
233.966311352424
24.0358702424908
13.909738373431
-21.5964570867095
19.1930674216574
-36.1525028879647
-35.6208018942642
45.596121849509
94.9294682256579
-249.558559872987
-128.523709177153
-19.4252917734227
150.717630771653
47.67096833889
-68.9180149654617
38.1102378375392
60.7893712630517
54.3276449993894
-6.49839685119278
-35.391037112954
-61.1922751014495
-304.799470048813
4.75812455344757
88.9974398570729
97.9783009778098
-137.599538945684
-57.5010482065474
-82.185679116846
-0.649213700707014
-95.2687971228879
-49.0052374264403
112.681775605369
-193.803506346919
-140.041920679133
184.425023110808
163.696904712605
-2.92927305825277
-135.596295840592
-34.5690476468153
-147.652006694518
-59.6995411824116
123.908195163913
-72.739189537296
-240.620320284877
45.7106599451919
73.5195904982412
-33.8727296040973
-57.3179829056027
-53.1489032685959
135.744185758076
-29.4437431906379
82.118385685141
18.4672386693828
54.9565826583598
54.2031677482383
-122.519853462617
-39.4255018339416
-166.336254615292
-48.8291478429172
79.0866873986704
-251.277885680945
-79.0862073475351
-35.2175233659689
-6.39872459409164
88.6190088418226
63.3481893843174
-4.25868833554586
-74.2994074276365
60.3833811280196
83.7032843942336
135.480732990506
44.4907060542207
135.821327106138
17.5627793776597
214.017076464942
154.804349518293
-278.672690677106
36.1089331638282
235.591960509066
7.78778950700341
-4.16977438631054
-251.382702590297
19.9163210134832
