           188
Energy of minimum      1=  1 first found at step        5 after                  245 function calls
        0.1
        0.2
        0.3
        0.4
        0.5
        0.6
        0.7
        0.8
        0.9
        1.0
        0.1
        0.2
        0.3
        0.4
        0.5
        0.6
        0.7
        0.8
        0.9
        1.0
        0.1
        0.2
        0.3
        0.4
        0.5
        0.6
        0.7
        0.8
        0.9
        1.0
        0.1
        0.2
        0.3
        0.4
        0.5
        0.6
        0.7
        0.8
        0.9
        1.0
        0.1
        0.2
        0.3
        0.4
        0.5
        0.6
        0.7
        0.8
        0.9
        1.0
        0.1
        0.2
        0.3
        0.4
        0.5
        0.6
        0.7
        0.8
        0.9
        1.0
        0.1
        0.2
        0.3
        0.4
        0.5
        0.6
        0.7
        0.8
        0.9
        1.0
        0.1
        0.2
        0.3
        0.4
        0.5
        0.6
        0.7
        0.8
        0.9
        1.0
        0.1
        0.2
        0.3
        0.4
        0.5
        0.6
        0.7
        0.8
        0.9
        1.0
        0.1
        0.2
        0.3
        0.4
        0.5
        0.6
        0.7
        0.8
        0.9
        1.0
        0.1
        0.2
        0.3
        0.4
        0.5
        0.6
        0.7
        0.8
        0.9
        1.0
        0.1
        0.2
        0.3
        0.4
        0.5
        0.6
        0.7
        0.8
        0.9
        1.0
        0.1
        0.2
        0.3
        0.4
        0.5
        0.6
        0.7
        0.8
        0.9
        1.0
        0.1
        0.2
        0.3
        0.4
        0.5
        0.6
        0.7
        0.8
        0.9
        1.0
        0.1
        0.2
        0.3
        0.4
        0.5
        0.6
        0.7
        0.8
        0.9
        1.0
        0.1
        0.2
        0.3
        0.4
        0.5
        0.6
        0.7
        0.8
        0.9
        1.0
        0.1
        0.2
        0.3
        0.4
        0.5
        0.6
        0.7
        0.8
        0.9
        1.0
        0.1
        0.2
        0.3
        0.4
        0.5
        0.6
        0.7
        0.8
        0.9
        1.0
        0.1
        0.2
        0.3
        0.4
        0.5
        0.6
        0.7
        0.8
        188
Energy of minimum      1=  -14.11616902044942 first found at step        5 after                  245 function calls
        -12.2583510957572
-0.960169521807591
6.73813415926338
1.84317592259943
5.46018244150366
6.38913695448049
-1.48282696914238
-11.6769458421448
0.0655632116268391
4.61934667793898
0.984134805781885
-2.1069594246353
3.11210577431032
1.58068837980306
-1.03272084802564
2.03240873061086
3.78180949197679
-1.23038537149067
7.83547551669498
3.11351923351948
-2.7008300942916
-3.66891026259458
0.799816657318272
10.9553985105881
-3.13999466431567
-7.91396254246883
16.2733095332044
32.7013337785647
-1.65346279144531
2.30393724849151
-0.701408257377609
-0.118619366656062
9.61968313567074
-1.38595604358383
-2.77089159853067
-1.25114256072122
2.52414149752322
3.27317557631777
-0.485830824278707
14.7761293524765
2.0725722898198
4.22314065563883
-3.47578132343083
-3.41572248814313
4.24428688883707
-10.6931641999566
-7.41397005260044
-5.58399953781715
12.6647806007296
5.24047174738211
5.50511362061019
-0.311119022307995
-0.963459668969931
11.5545283725696
-10.0648725449448
-11.7006013703601
-8.56290365961894
0.390645115620762
8.68112252583365
-23.2955899393828
-9.75653160359582
28.1424998293727
4.29204640617252
-18.9357659768339
0.378143395541431
2.92662231687913
13.7114729945653
4.79915152441508
-0.279228645033019
-8.6466101115938
2.87546017987329
-3.3335996339365
8.86461581699962
5.8273919066971
-2.6160816406895
2.56466960661301
6.04923527138536
11.8353507272572
-13.4526138615208
-8.72616930319843
-2.50604800276385
-18.9136372092318
3.47480728262164
0.890900917502927
0.13097840272443
7.26883762258144
-5.83244816828857
-12.7096036101358
4.67103186246315
5.88582693410539
-0.49968887934641
-0.326510651563153
-0.0195513519787682
-9.85855613502005
8.02190994621157
14.8482452869727
0.519927572327372
-8.65853611651351
7.84357363604041
6.21779854961301
-1.56807669585411
-18.0711241224796
-12.0621789793076
19.4640014005447
2.44385255818365
6.23707227714082
-2.84993292739505
-0.648756431146594
31.2678536188238
3.03050190940324
10.6934498001348
-3.22329732819645
-16.9354083146317
5.03105139643259
-16.0126668809927
-1.58199542837594
-2.30307731189942
-1.4019322003257
6.07510588814089
-24.4380852383158
-6.09934153873603
26.160595451614
-1.0325870494264
-0.137577456188228
3.14686921122398
-1.65399307753963
-6.14506749026932
3.00169413414466
5.28098414101017
18.9648459908276
-7.46796995028196
-2.70268740054385
-1.77531297199342
-0.69622934697629
3.92498553563792
-0.10004199271339
1.21420952505628
-1.02171979976818
-25.1942289792467
2.81063179652291
-8.54152109095711
6.20790289212664
5.38542862299903
-9.21785827874913
-12.6065983527463
6.952379732007
10.8428450788215
-12.4802091019265
-5.66960839769446
24.195918438766
-2.00055412709797
-18.5663475343558
8.4630639349109
6.48078750291712
-10.9386377599387
-7.31809259179649
-0.0325916989054934
6.80871718111397
-2.59926635483026
31.4393723462118
-3.12341130072629
-5.75669386751541
-6.22143093291589
10.5680395844379
9.37437216764127
-0.0971555284020887
-10.7320352820646
4.76264318226311
-6.312585010978
3.08229627539211
-3.60534064471272
0.0953269854050187
4.23660764388799
-2.61027150387858
-6.33430429596171
2.46454625684249
1.34265099792539
-12.593599218102
-0.17492893412658
-8.26902122052401
12.534874315452
2.18041449477442
-0.347378540005678
6.32376051688506
-9.98024110130262
6.91962627539165
6.2315853738479
-7.47353312315576
