           159
Energy of minimum      1=  1 first found at step        5 after                  245 function calls
        0.1
        0.2
        0.3
        0.4
        0.5
        0.6
        0.7
        0.8
        0.9
        1.0
        0.1
        0.2
        0.3
        0.4
        0.5
        0.6
        0.7
        0.8
        0.9
        1.0
        0.1
        0.2
        0.3
        0.4
        0.5
        0.6
        0.7
        0.8
        0.9
        1.0
        0.1
        0.2
        0.3
        0.4
        0.5
        0.6
        0.7
        0.8
        0.9
        1.0
        0.1
        0.2
        0.3
        0.4
        0.5
        0.6
        0.7
        0.8
        0.9
        1.0
        0.1
        0.2
        0.3
        0.4
        0.5
        0.6
        0.7
        0.8
        0.9
        1.0
        0.1
        0.2
        0.3
        0.4
        0.5
        0.6
        0.7
        0.8
        0.9
        1.0
        0.1
        0.2
        0.3
        0.4
        0.5
        0.6
        0.7
        0.8
        0.9
        1.0
        0.1
        0.2
        0.3
        0.4
        0.5
        0.6
        0.7
        0.8
        0.9
        1.0
        0.1
        0.2
        0.3
        0.4
        0.5
        0.6
        0.7
        0.8
        0.9
        1.0
        0.1
        0.2
        0.3
        0.4
        0.5
        0.6
        0.7
        0.8
        0.9
        1.0
        0.1
        0.2
        0.3
        0.4
        0.5
        0.6
        0.7
        0.8
        0.9
        1.0
        0.1
        0.2
        0.3
        0.4
        0.5
        0.6
        0.7
        0.8
        0.9
        1.0
        0.1
        0.2
        0.3
        0.4
        0.5
        0.6
        0.7
        0.8
        0.9
        1.0
        0.1
        0.2
        0.3
        0.4
        0.5
        0.6
        0.7
        0.8
        0.9
        1.0
        0.1
        0.2
        0.3
        0.4
        0.5
        0.6
        0.7
        0.8
        0.9
           159
Energy of minimum      1=  1 first found at step        5 after                  245 function calls
        0.38998307147698
2.29646201455144
0.244643196703068
1.86200157495896
0.0470592399246042
1.57232505475375
0.478560001838438
2.09495008412314
4.17773947443883
-1.7351273616295
2.43426615018904
0.0906122063182683
0.279243841414207
1.23473602575864
-0.366328871465743
-2.27042891335033
-0.0132805672960958
2.27602680529928
0.00568155381935005
1.88601364096673
1.56563368327454
-2.52746812248724
-2.69321417982515
5.53977678585299
4.10755017467278
-1.56316024208309
-1.93805965089846
0.724856093749254
-0.860962351627098
0.146182598078816
-2.1879261346151
-0.744649103169382
0.389296304879137
-14.1708617791073
13.0827132215631
15.7386826035798
0.783690318969622
3.10208143813179
-0.78296410109985
9.96532436633964
-5.23777961042562
-12.1538096601683
-3.09552392253827
4.19698153378458
1.45808877807765
-2.82399986591654
-2.11708235393553
2.91291170002837
0.784888312618678
3.15183677131576
-0.783229110772939
-3.26281657779072
-1.7430297247174
2.56866719173934
-1.56573597494119
1.41180976246206
3.15993219085627
1.44684578250029
-2.2134219224964
0.181400890494387
1.49752378654877
-0.106070849616727
-0.643746269992465
2.77468889835502
1.70251155207227
0.445111862041081
-0.477432976983437
1.86537656383192
2.16738243663136
5.44302461215613
0.0258756822827661
-5.46676134819924
0.562470923391432
1.71862035278116
-2.1392355401777
-0.256574210847733
3.22326439957415
0.221347037861156
-0.382317261887918
1.49443122567649
-1.11528106855383
-2.36895739372496
-3.13251896635421
2.34934415668613
-0.166389516758444
-3.42624546320342
1.33410560556791
0.215138885784127
1.71381686311715
1.28527157810117
-1.02619445990139
2.45471107251058
2.12918051505082
2.69679009420226
-3.22767710748391
-0.556730363999209
0.804237735671349
0.694114285250836
0.0618616272645511
-6.48206496684927
1.30868646080229
1.9086744178325
-0.748487895773455
3.19010437134063
0.754894346374974
4.68439315174058
0.299102517462001
-4.72065598875643
1.83037813163907
3.38727504857072
-0.29520471213898
0.557152117335064
2.01410595051447
-2.19030831707565
-2.46214034536527
0.00398239487401667
5.62215267929492
-0.396798230833226
-1.81648548805982
0.467165852791664
1.28119192634435
-1.80039726430849
-2.84956910376691
2.80048963231066
2.69774231145316
-1.16678550239895
1.95036689271878
-2.26877040478732
-0.370895861600614
-12.2472082112878
1.12936942227219
11.4035185643734
0.142220499686462
1.33688132592346
1.12392238501915
-1.96519694124084
-2.70651678958805
0.411496686085291
-0.237869668314043
0.967265709262863
1.10183340066749
1.25874448617245
-2.70553484988668
-1.14929058727495
1.07472153846084
-0.537212197607102
-0.735848631123979
-3.357350849177
0.00792650021671549
3.3339637644637
2.29848351501627
-0.157236672398953
0.817300904789481
2.27483182200483
6.2167379430855
0.879726965930733
-1.0956629947015
0.154019280631402
3.78234155950111
