           32
Energy of minimum      1=  1 first found at step        5 after                  245 function calls
        0.1
        0.2
        0.3
        0.4
        0.5
        0.6
        0.7
        0.8
        0.9
        1.0
        0.1
        0.2
        0.3
        0.4
        0.5
        0.6
        0.7
        0.8
        0.9
        1.0
        0.1
        0.2
        0.3
        0.4
        0.5
        0.6
        0.7
        0.8
        0.9
        1.0
        0.1
        0.2
        32
Energy of minimum      1=  1 first found at step        5 after                  245 function calls
        1.5707963267949
-0.051744402323646
-3.14159265358979
0.0506860478656301
1.5707963267949
-0.0568125124788275
1.5707963267949
3.22280410085856
3.14159265358979
6.37533716059884
1.5707963267949
3.00803848124102
-1.5707963267949
-0.238101172548715
-0.415082109257936
3.17581874059316
-3.54335638432962
1.89683661784834
-0.0346951769650955
1.25442575083277
7.12708573497621
2.98393082734939
-8.50574841394623
0.0681452972695723
-3.09587874928736
3.212453432547
7.56132752403564
-0.0657554020060049
-10.7310198724865
-5.64691873534075
-3.01497732618019
-2.59351350585759
