           43
Energy of minimum      1=  1 first found at step        5 after                  245 function calls
        0.1
        0.2
        0.3
        0.4
        0.5
        0.6
        0.7
        0.8
        0.9
        1.0
        0.1
        0.2
        0.3
        0.4
        0.5
        0.6
        0.7
        0.8
        0.9
        1.0
        0.1
        0.2
        0.3
        0.4
        0.5
        0.6
        0.7
        0.8
        0.9
        1.0
        0.1
        0.2
        0.3
           43
Energy of minimum      1=  -3.044331269649872 first found at step        5 after                  245 function calls
        -31.0031171207476
9.45732565281678
-19.7212760298529
5.32496297713447
12.0297195562336
0.724494118412835
6.93175071845799
-0.0819934647755745
19.8221510210431
20.2598549004538
-8.39355477731259
11.6082075421732
3.26461745969816
22.324050173559
-14.1209876447388
-17.9962249679936
-10.4692515564216
29.5356160178209
40.0245888056032
41.5651407369007
33.0322159635902
-27.4323565573135
4.24578135715089
-25.6804116726718
8.60038863771181
-29.0131173786072
18.5781525930009
-26.7326852201834
8.89325053563812
-3.01070463118598
-30.1418205579546
14.7149805438684
-65.5907880613716
-51.4011361613488
93.7071130464533
3.25082278530778
-52.6361273316801
-57.5327921388845
12.147058191278
42.8144522737926
13.3637218308135
-61.1120427677584
-12.3779850551397
