-0.0145884776106644
-0.1247704124773201
0.0145884776106644
-0.2882533065194541
-0.4012116220754935
0.2882533065194541
-0.0000229318517750
-0.2677568031940356
0.0000229318517750
1.7584293524505670
-0.0590830860828174
-1.7477552499794138
1.4949652648905325
-0.0289661378324125
1.6438456466440543
0.0145884776109326
-0.1247704124773230
-0.0145884776109326
0.2882533065194556
-0.4012116220754980
-0.2882533065194556
-0.0000229318516307
-0.2677568031940372
0.0000229318516307
-1.3831633011317537
-0.0590830860831414
-1.7477552499864641
1.4949652648828922
-0.0289661378324752
1.6438456466514848
-0.0145884776108335
-0.1247704124773223
0.0145884776108335
-0.2882533065194438
-0.4012116220754824
0.2882533065194438
-0.0000229318517449
-0.2677568031940376
0.0000229318517449
1.7584293524543535
-0.0590830860829809
-1.7477552499829916
-0.0758310619065801
0.0289661378324278
-3.0685433337384791
-0.0145884776104039
-0.1247704124773188
0.0145884776104039
-0.2882533065194571
-0.4012116220755004
0.2882533065194571
-0.0000229318516948
-0.2677568031940381
0.0000229318516948
-2.9539596279399638
0.0590830860825621
2.9646337304107857
1.4949652648888139
-0.0289661378324314
1.6438456466457161
-0.0145884776105274
-0.1247704124773199
0.0145884776105274
-0.2882533065194537
-0.4012116220754962
0.2882533065194537
-0.0000229318514601
-0.2677568031940356
0.0000229318514601
-2.9539596279349754
0.0590830860827793
2.9646337304060797
-0.0758310619163692
0.0289661378325123
-3.0685433337289796
-0.0145884776103417
-0.1247704124773181
0.0145884776103417
-0.2882533065194511
-0.4012116220754864
0.2882533065194511
-0.0000229318515094
-0.2677568031940356
0.0000229318515094
-1.3831633011448590
-0.0590830860825729
1.3938374036156933
-0.0758310619131304
0.0289661378324856
-3.0685433337321317
-0.0145884776105248
-0.1247704124773188
0.0145884776105248
0.2882533065194536
-0.4012116220754924
-0.2882533065194536
0.0000229318514878
-0.2677568031940378
-0.0000229318514878
1.7584293524494132
-0.0590830860827671
-1.7477552499783253
3.0657615916745780
0.0289661378325027
-3.0685433337301014
0.0145884776102646
-0.1247704124773170
-0.0145884776102646
-0.2882533065194500
-0.4012116220754844
0.2882533065194500
0.0000229318516016
-0.2677568031940394
-0.0000229318516016
1.7584293524424850
-0.0590830860824653
1.3938374036180043
3.0657615916809502
0.0289661378324480
-3.0685433337362986
0.0145884776102815
-0.1247704124773181
-0.0145884776102815
0.2882533065194508
-0.4012116220754871
-0.2882533065194508
-0.0000229318514165
-0.2677568031940361
0.0000229318514165
-2.9539596279405163
0.0590830860825404
-0.1769589231784861
1.4949652648786660
-0.0289661378325100
1.6438456466555691
0.0145884776107702
-0.1247704124773215
-0.0145884776107702
-0.2882533065194557
-0.4012116220754922
0.2882533065194557
0.0000229318513993
-0.2677568031940396
-0.0000229318513993
-2.9539596279288118
0.0590830860830468
-0.1769589231895283
-0.0758310619202981
0.0289661378325444
0.0730493198646379
-0.0145884776107810
-0.1247704124773179
0.0145884776107810
-0.2882533065194406
-0.4012116220754849
0.2882533065194406
-0.0000229318517513
-0.2677568031940356
0.0000229318517513
0.1876330256574991
0.0590830860828961
-0.1769589231862422
-0.0758310619058569
0.0289661378324264
-3.0685433337391812
-0.0145884776108349
-0.1247704124773208
0.0145884776108349
0.2882533065194468
-0.4012116220754844
-0.2882533065194468
0.0000229318517120
-0.2677568031940318
-0.0000229318517120
1.7584293524549985
-0.0590830860830106
-1.7477552499835962
-1.6466273887031670
-0.0289661378324431
1.6438456466478570
-0.0145884776106359
-0.1247704124773190
0.0145884776106359
0.2882533065194474
-0.4012116220754773
-0.2882533065194474
0.0000229318516821
-0.2677568031940309
-0.0000229318516821
1.7584293524501329
-0.0590830860828019
-1.7477552499790117
-0.0758310619071071
0.0289661378324343
0.0730493198518178
-0.0145884776107098
-0.1247704124773172
0.0145884776107098
-0.2882533065194775
-0.4012116220755051
0.2882533065194775
-0.0000229318516448
-0.2677568031940392
0.0000229318516448
1.7584293524520738
-0.0590830860828956
-1.7477552499808393
-1.6466273887063614
-0.0289661378324782
-1.4977470069388303
0.0145884776107447
-0.1247704124773226
-0.0145884776107447
0.2882533065194601
-0.4012116220754995
-0.2882533065194601
-0.0000229318515691
-0.2677568031940325
0.0000229318515691
-2.9539596279300389
0.0590830860829924
-0.1769589231883807
3.0657615916767185
0.0289661378324877
0.0730493198576246
-0.0145884776106530
-0.1247704124773226
0.0145884776106530
0.2882533065194549
-0.4012116220754940
-0.2882533065194549
0.0000229318514868
-0.2677568031940312
-0.0000229318514868
-2.9539596279321261
0.0590830860829019
2.9646337304033934
3.0657615916737417
0.0289661378325100
-3.0685433337292860
0.0145884776108289
-0.1247704124773219
-0.0145884776108289
0.2882533065194548
-0.4012116220754944
-0.2882533065194548
-0.0000229318517089
-0.2677568031940332
0.0000229318517089
-1.3831633011348483
-0.0590830860830074
-1.7477552499835440
3.0657615916816745
0.0289661378324430
0.0730493198528100
0.0145884776105046
-0.1247704124773161
-0.0145884776105046
0.2882533065194516
-0.4012116220754907
-0.2882533065194516
-0.0000229318516080
-0.2677568031940378
0.0000229318516080
-2.9539596279363427
0.0590830860827208
-0.1769589231824207
-0.0758310619103293
0.0289661378324622
-3.0685433337348491
0.0145884776106405
-0.1247704124773215
-0.0145884776106405
0.2882533065194560
-0.4012116220755000
-0.2882533065194560
-0.0000229318515361
-0.2677568031940432
0.0000229318515361
0.1876330256569124
0.0590830860828708
2.9646337304041035
-1.6466273887089873
-0.0289661378324914
-1.4977470069362917
0.0145884776102339
-0.1247704124773081
-0.0145884776102339
0.2882533065194393
-0.4012116220754858
-0.2882533065194393
-0.0000229318513208
-0.2677568031940416
0.0000229318513208
1.7584293524389181
-0.0590830860823106
1.3938374036213896
-0.0758310619196442
0.0289661378325449
-3.0685433337258399
0.0145884776104709
-0.1247704124773195
-0.0145884776104709
0.2882533065194520
-0.4012116220754900
-0.2882533065194520
-0.0000229318515427
-0.2677568031940385
0.0000229318515427
-1.3831633011420348
-0.0590830860826951
-1.7477552499767643
-0.0758310619126051
0.0289661378324807
-3.0685433337326375
-0.0145884776103719
-0.1247704124773210
0.0145884776103719
0.2882533065194492
-0.4012116220754920
-0.2882533065194492
0.0000229318515935
-0.2677568031940374
-0.0000229318515935
-2.9539596279395983
0.0590830860825817
2.9646337304104402
-1.6466273887050475
-0.0289661378324561
1.6438456466496651
-0.0145884776108258
-0.1247704124773219
0.0145884776108258
-0.2882533065194540
-0.4012116220754918
0.2882533065194540
-0.0000229318514200
-0.2677568031940354
0.0000229318514200
0.1876330256621540
0.0590830860830987
-0.1769589231906347
-1.6466273887148308
-0.0289661378325423
-1.4977470069306100
0.0145884776108609
-0.1247704124773199
-0.0145884776108609
0.2882533065194527
-0.4012116220754907
-0.2882533065194527
-0.0000229318519666
-0.2677568031940314
0.0000229318519666
-2.9539596279312028
0.0590830860829461
-0.1769589231872698
-1.6466273886925311
-0.0289661378323561
-1.4977470069522720
0.0145884776102825
-0.1247704124773166
-0.0145884776102825
-0.2882533065194425
-0.4012116220754849
0.2882533065194425
0.0000229318515109
-0.2677568031940307
-0.0000229318515109
1.7584293524451500
-0.0590830860825798
1.3938374036154901
-1.6466273887071528
-0.0289661378324776
1.6438456466517091
0.0145884776107850
-0.1247704124773212
-0.0145884776107850
-0.2882533065194566
-0.4012116220755033
0.2882533065194566
0.0000229318516300
-0.2677568031940467
-0.0000229318516300
0.1876330256594940
0.0590830860829848
2.9646337304016677
-1.6466273887050142
-0.0289661378324552
1.6438456466496481
0.0145884776107875
-0.1247704124773270
-0.0145884776107875
-0.2882533065194537
-0.4012116220754918
0.2882533065194537
0.0000229318518092
-0.2677568031940423
-0.0000229318518092
-2.9539596279310749
0.0590830860829482
-0.1769589231873925
1.4949652648916483
-0.0289661378323972
-1.4977470069468182
0.0145884776103601
-0.1247704124773190
-0.0145884776103601
-0.2882533065194528
-0.4012116220754909
0.2882533065194528
0.0000229318515492
-0.2677568031940396
-0.0000229318515492
-1.3831633011446731
-0.0590830860825804
-1.7477552499742748
-0.0758310619116782
0.0289661378324723
0.0730493198562510
0.0145884776105492
-0.1247704124773195
-0.0145884776105492
-0.2882533065194476
-0.4012116220754858
0.2882533065194476
0.0000229318514729
-0.2677568031940347
-0.0000229318514729
-2.9539596279347733
0.0590830860827889
-0.1769589231839028
-1.6466273887109053
-0.0289661378325099
1.6438456466553586
-0.0145884776105590
-0.1247704124773199
0.0145884776105590
0.2882533065194531
-0.4012116220754918
-0.2882533065194531
0.0000229318516288
-0.2677568031940343
-0.0000229318516288
-1.3831633011405708
-0.0590830860827595
1.3938374036116479
-0.0758310619096722
0.0289661378324565
0.0730493198543100
0.0145884776104615
-0.1247704124773195
-0.0145884776104615
-0.2882533065194532
-0.4012116220754938
0.2882533065194532
0.0000229318515478
-0.2677568031940374
-0.0000229318515478
-1.3831633011422608
-0.0590830860826856
-1.7477552499765510
-1.6466273887072722
-0.0289661378324785
1.6438456466518294
-0.0145884776107339
-0.1247704124773179
0.0145884776107339
0.2882533065194501
-0.4012116220754864
-0.2882533065194501
0.0000229318515212
-0.2677568031940361
-0.0000229318515212
1.7584293524537966
-0.0590830860829569
-1.7477552499824587
1.4949652648803478
-0.0289661378324966
-1.4977470069358447
-0.0145884776106083
-0.1247704124773197
0.0145884776106083
0.2882533065194524
-0.4012116220754907
-0.2882533065194524
0.0000229318517563
-0.2677568031940323
-0.0000229318517563
0.1876330256546345
0.0590830860827719
-0.1769589231835430
-0.0758310619047574
0.0289661378324124
0.0730493198495357
-0.0145884776107700
-0.1247704124773288
0.0145884776107700
0.2882533065194535
-0.4012116220754747
-0.2882533065194535
0.0000229318516944
-0.2677568031940190
-0.0000229318516944
-2.9539596279338034
0.0590830860828352
2.9646337304049717
-0.0758310619058385
0.0289661378324272
0.0730493198505903
-0.0145884776107539
-0.1247704124773195
0.0145884776107539
-0.2882533065194602
-0.4012116220755013
0.2882533065194602
-0.0000229318515588
-0.2677568031940425
0.0000229318515588
-2.9539596279294456
0.0590830860830145
2.9646337304008652
-1.6466273887085370
-0.0289661378324858
-1.4977470069367325
-0.0145884776103567
-0.1247704124773192
0.0145884776103567
-0.2882533065194527
-0.4012116220754947
0.2882533065194527
-0.0000229318515619
-0.2677568031940372
0.0000229318515619
-1.3831633011448563
-0.0590830860825721
1.3938374036156906
1.4949652648837968
-0.0289661378324680
1.6438456466505864
0.0145884776110983
-0.1247704124773226
-0.0145884776110983
0.2882533065194520
-0.4012116220755000
-0.2882533065194520
-0.0000229318516340
-0.2677568031940365
0.0000229318516340
1.7584293524622829
-0.0590830860833273
1.3938374035993193
-1.6466273887074947
-0.0289661378324784
-1.4977470069377197
-0.0145884776103872
-0.1247704124773181
0.0145884776103872
-0.2882533065194486
-0.4012116220754924
0.2882533065194486
-0.0000229318514115
-0.2677568031940323
0.0000229318514115
-1.3831633011430740
-0.0590830860826505
1.3938374036140084
-1.6466273887126068
-0.0289661378325249
-1.4977470069327827
-0.0145884776105656
-0.1247704124773219
0.0145884776105656
0.2882533065194517
-0.4012116220754944
-0.2882533065194517
0.0000229318516141
-0.2677568031940407
-0.0000229318516141
-1.3831633011400033
-0.0590830860827826
1.3938374036111094
-1.6466273887048768
-0.0289661378324549
1.6438456466495024
-0.0145884776106813
-0.1247704124773217
0.0145884776106813
0.2882533065194516
-0.4012116220754920
-0.2882533065194516
0.0000229318519083
-0.2677568031940354
-0.0000229318519083
-1.3831633011397921
-0.0590830860827934
1.3938374036109136
3.0657615916908174
0.0289661378323648
-3.0685433337458701
0.0145884776104544
-0.1247704124773183
-0.0145884776104544
-0.2882533065194499
-0.4012116220754924
0.2882533065194499
0.0000229318519036
-0.2677568031940369
-0.0000229318519036
1.7584293524450447
-0.0590830860825770
1.3938374036155849
1.4949652648967593
-0.0289661378323602
-1.4977470069517920
0.0145884776107467
-0.1247704124773223
-0.0145884776107467
-0.2882533065194484
-0.4012116220754871
0.2882533065194484
0.0000229318517274
-0.2677568031940289
-0.0000229318517274
0.1876330256574077
0.0590830860828901
2.9646337304036332
3.0657615916831804
0.0289661378324342
-3.0685433337384396
0.0145884776104557
-0.1247704124773175
-0.0145884776104557
0.2882533065194480
-0.4012116220754969
-0.2882533065194480
-0.0000229318515027
-0.2677568031940338
0.0000229318515027
-1.3831633011411062
-0.0590830860827422
-1.7477552499776374
-1.6466273887097769
-0.0289661378325016
-1.4977470069355321
-0.0145884776106095
-0.1247704124773206
0.0145884776106095
0.2882533065194576
-0.4012116220754989
-0.2882533065194576
0.0000229318515215
-0.2677568031940374
-0.0000229318515215
0.1876330256562829
0.0590830860828431
-0.1769589231850969
3.0657615916758911
0.0289661378324918
-3.0685433337313728
0.0145884776106549
-0.1247704124773201
-0.0145884776106549
-0.2882533065194535
-0.4012116220754893
0.2882533065194535
0.0000229318516195
-0.2677568031940369
-0.0000229318516195
-2.9539596279331533
0.0590830860828598
-0.1769589231854322
3.0657615916791356
0.0289661378324640
-3.0685433337345231
-0.0145884776110012
-0.1247704124773248
0.0145884776110012
0.2882533065194561
-0.4012116220755115
-0.2882533065194561
0.0000229318517389
-0.2677568031940325
-0.0000229318517389
-2.9539596279260323
0.0590830860831581
2.9646337303976384
1.4949652648878284
-0.0289661378324285
-1.4977470069431040
-0.0145884776107545
-0.1247704124773197
0.0145884776107545
0.2882533065194469
-0.4012116220754867
-0.2882533065194469
0.0000229318516879
-0.2677568031940298
-0.0000229318516879
-1.3831633011362214
-0.0590830860829495
1.3938374036075443
1.4949652648863365
-0.0289661378324472
-1.4977470069416599
0.0145884776102182
-0.1247704124773172
-0.0145884776102182
-0.2882533065194537
-0.4012116220754918
0.2882533065194537
0.0000229318515591
-0.2677568031940387
-0.0000229318515591
-1.3831633011481363
-0.0590830860824299
-1.7477552499710070
3.0657615916795509
0.0289661378324610
-3.0685433337349419
0.0145884776106597
-0.1247704124773206
-0.0145884776106597
-0.2882533065194525
-0.4012116220754949
0.2882533065194525
0.0000229318516678
-0.2677568031940369
-0.0000229318516678
-1.3831633011381681
-0.0590830860828645
-1.7477552499804132
1.4949652648860556
-0.0289661378324462
-1.4977470069413903
-0.0145884776103936
-0.1247704124773188
0.0145884776103936
0.2882533065194512
-0.4012116220754915
-0.2882533065194512
0.0000229318515156
-0.2677568031940356
-0.0000229318515156
0.1876330256512660
0.0590830860826254
-0.1769589231803627
-1.6466273887082294
-0.0289661378324873
1.6438456466527571
-0.0145884776100256
-0.1247704124773177
0.0145884776100256
0.2882533065194541
-0.4012116220754922
-0.2882533065194541
0.0000229318514050
-0.2677568031940345
-0.0000229318514050
0.1876330256434171
0.0590830860822843
-0.1769589231729580
1.4949652648794229
-0.0289661378325063
-1.4977470069349699
