       -1.143411110472140
       -1.339887888272994
        0.372427599983997
        1.075701251582974
       -2.619446484069055
        1.285147177613101
        1.335980332876591
        1.392108436657498
        0.188568430131102
        1.758429343775607
       -0.059083085722289
       -1.747755241800302
        1.494965232988367
       -0.028966137836118
        1.643845677601547
        0.014588477673172
       -0.124770412367817
       -0.014588477673172
        0.288253306260593
       -0.401211622033897
       -0.288253306260593
       -0.000022931475621
       -0.267756803124194
        0.000022931475621
       -1.383163304358340
       -0.059083086023624
       -1.747755246964350
        1.494965250788110
       -0.028966137923099
        1.643845660292510
       -0.014588477604516
       -0.124770412470632
        0.014588477604516
       -0.288253306579042
       -0.401211622143479
        0.288253306579042
       -0.000022931872812
       -0.267756803183185
        0.000022931872812
        1.758429355537290
       -0.059083086222934
       -1.747755252852740
       -0.075831061738234
        0.028966137842164
       -3.068543333890890
       -0.014588478303958
       -0.124770412510688
        0.014588478303958
       -0.288253306382394
       -0.401211621745719
        0.288253306382394
       -0.000022932049731
       -0.267756803188630
        0.000022932049731
       -2.953959600890630
        0.059083087309521
        2.964633704927900
        1.494965272924440
       -0.028966137546896
        1.643845638807320
       -0.014588477561087
       -0.124770412498402
        0.014588477561087
       -0.288253306428151
       -0.401211622006449
        0.288253306428151
       -0.000022931810267
       -0.267756803203099
        0.000022931810267
       -2.953959627218100
        0.059083086132373
        2.964633729799400
       -0.075831064334166
        0.028966137798960
       -3.068543331401450
       -0.014588477784381
       -0.124770412482675
        0.014588477784381
       -0.288253306493368
       -0.401211622056003
        0.288253306493368
       -0.000022931819347
       -0.267756803188252
        0.000022931819347
       -1.383163300990300
       -0.059083086091190
        1.393837403475190
       -0.075831061819587
        0.028966137829301
       -3.068543333816060
        0.014588477870156
       -0.124770412514328
       -0.014588477870156
        0.288253306596352
       -0.401211622038146
       -0.288253306596352
       -0.000022931924455
       -0.267756803236743
        0.000022931924455
        1.758429351345740
       -0.059083086120248
        1.393837404661430
        1.494965268589990
       -0.028966137742291
        1.643845643024430
       -0.014588477362811
       -0.124770412503427
        0.014588477362811
        0.288253306381251
       -0.401211622056246
       -0.288253306381251
        0.000022931963044
       -0.267756803195462
       -0.000022931963044
        1.758429352056870
       -0.059083086045354
       -1.747755249701120
        3.065761598458030
        0.028966137768259
       -3.068543340230060
        0.014588477440635
       -0.124770412467545
       -0.014588477440635
       -0.288253306522120
       -0.401211622060423
        0.288253306522120
        0.000022931703068
       -0.267756803178544
       -0.000022931703068
        1.758429350041410
       -0.059083085971180
        1.393837405886940
        3.065761587654650
        0.028966137854338
       -3.068543329827210
        0.014588477427315
       -0.124770412468982
       -0.014588477427315
        0.288253306586344
       -0.401211622178964
       -0.288253306586344
       -0.000022932687386
       -0.267756803247019
        0.000022932687386
       -2.953959635990910
        0.059083085680417
       -0.176958915578017
        1.494965287124540
       -0.028966137705729
        1.643845624973720
        0.014588477804800
       -0.124770412494391
       -0.014588477804800
       -0.288253306657536
       -0.401211622203888
        0.288253306657536
        0.000022931590044
       -0.267756803283087
       -0.000022931590044
       -2.953959622049860
        0.059083086230546
       -0.176958928742323
       -0.075831061583927
        0.028966137793415
        0.073049319522213
       -0.014588477289045
       -0.124770412492412
        0.014588477289045
       -0.288253306595507
       -0.401211622119685
        0.288253306595507
       -0.000022932024241
       -0.267756803204720
        0.000022932024241
        0.187633023976153
        0.059083086015532
       -0.176958921602234
       -0.075831054199412
        0.028966137748105
       -3.068543341239220
       -0.014588477718656
       -0.124770412514299
        0.014588477718656
        0.288253306260123
       -0.401211621866411
       -0.288253306260123
        0.000022932574018
       -0.267756803204831
       -0.000022932574018
        1.758429343352740
       -0.059083085641541
       -1.747755241498750
       -1.646627377792520
       -0.028966137618675
        1.643845636266540
       -0.014588477342137
       -0.124770412481996
        0.014588477342137
        0.288253306553778
       -0.401211622189158
       -0.288253306553778
        0.000022932145522
       -0.267756803259776
       -0.000022932145522
        1.758429349355880
       -0.059083085916587
       -1.747755246976960
       -0.075831057858721
        0.028966137793693
        0.073049315944548
       -0.014588477337332
       -0.124770412489846
        0.014588477337332
       -0.288253306414913
       -0.401211622019377
        0.288253306414913
       -0.000022931741892
       -0.267756803180268
        0.000022931741892
        1.758429349227040
       -0.059083085886392
       -1.747755246923030
       -1.646627385119360
       -0.028966137770654
       -1.497747010476210
        0.014588478676822
       -0.124770412435036
       -0.014588478676822
        0.288253306360626
       -0.401211621902276
       -0.288253306360626
       -0.000022932435478
       -0.267756803307297
        0.000022932435478
       -2.953959620878320
        0.059083086434756
       -0.176958929619461
        3.065761603733160
        0.028966137648584
        0.073049308107583
        0.014588477629934
       -0.124770412482299
       -0.014588477629934
        0.288253306490438
       -0.401211622042563
       -0.288253306490438
       -0.000022931879518
       -0.267756803181632
        0.000022931879518
        0.187633025416972
        0.059083086075469
        2.964633730641950
        1.494965265806170
       -0.028966137829715
        1.643845645756140
       -0.014588477892872
       -0.124770412496416
        0.014588477892872
       -0.288253306469904
       -0.401211622021684
        0.288253306469904
       -0.000022931776536
       -0.267756803216316
        0.000022931776536
        1.758429355885050
       -0.059083086165667
       -1.747755253244520
        3.065761588212480
        0.028966137847020
        0.073049323212582
       -0.014588477840489
       -0.124770412436446
        0.014588477840489
        0.288253306487186
       -0.401211622003083
       -0.288253306487186
        0.000022931930576
       -0.267756803178044
       -0.000022931930576
       -2.953959625910310
        0.059083086224976
        2.964633728448300
        3.065761592454680
        0.028966137847606
       -3.068543334419080
        0.014588477478696
       -0.124770412482704
       -0.014588477478696
        0.288253306491613
       -0.401211622066781
       -0.288253306491613
       -0.000022931830646
       -0.267756803219123
        0.000022931830646
       -1.383163301720200
       -0.059083086082857
       -1.747755249444440
        3.065761591068410
        0.028966137822586
        0.073049320462243
       -0.081513780530055
       -0.126216914465743
       -3.070181661385260
        0.492232526538714
       -0.519708629015620
       -0.422021706846178
        0.344235220982481
       -0.326213983917383
       -0.271665570576583
        0.187633025998705
       -6.224102221025270
       -3.318551577043910
        4.636557926727000
       -0.028966137760232
       -1.497747014922820
       -1.172682397016830
        0.169330040506863
        1.221977364136200
        0.435719274411712
       -0.476665755955402
       -0.388303593489228
       -0.074742992504357
       -0.270177198426303
        0.060746603461103
        0.187633023689079
       -6.224102221177320
       -3.318551574856720
       -3.217423718127500
        0.028966137930018
        0.073049322374272
        1.310574734337790
       -3.000275385576590
        1.338503325975210
        0.420636382698835
        1.642484608073860
       -1.330001874276560
        0.096211554399058
       -0.271783807338190
       -0.078119504939331
        1.758429353447430
       -0.059083086126331
        1.393837402676790
       -0.075831061192890
        0.028966137827790
       -3.068543334438000
        0.014588478435565
       -0.124770412340118
       -0.014588478435565
        0.288253306501061
       -0.401211622058415
       -0.288253306501061
       -0.000022932239055
       -0.267756803275028
        0.000022932239055
       -2.953959621361630
        0.059083086485356
       -0.176958929473933
       -0.075831045325073
        0.028966137628765
       -3.068543349815120
        0.014588477295972
       -0.124770412466634
       -0.014588477295972
        0.288253306356720
       -0.401211621756243
       -0.288253306356720
       -0.000022932067334
       -0.267756803135937
        0.000022932067334
       -1.383163303622790
       -0.059083085957121
       -1.747755247666720
       -0.075831059076490
        0.028966137716184
       -3.068543336540050
        0.466198217893719
        2.949490866419040
        0.402828975460899
        1.097662159646840
        1.579278727141100
        0.410998673539754
       -2.596865080677530
       -0.449147257252659
       -0.402801256934588
        3.329225677358970
        0.059083085985782
       -3.318551574857710
       -3.217423704878760
        0.028966137618932
        0.073049309436319
       -0.014588477257449
       -0.124770412572188
        0.014588477257449
        0.288253306370011
       -0.401211622004863
       -0.288253306370011
        0.000022931496447
       -0.267756803204982
       -0.000022931496447
       -2.953959631966300
        0.059083086009192
        2.964633734156050
       -1.646627411802230
       -0.028966137855549
        1.643845669074160
       -0.010340401646850
       -3.266339460110240
       -0.007736086535082
        1.363945852444440
        1.282208325920700
        0.090250762107157
       -0.021311226356942
       -0.267952451271783
        0.017335159497693
        1.758429344321730
        6.224102221561840
        4.535430064762210
        1.494965268000240
       -0.028966137878742
       -1.497747010004760
        0.014588477021733
       -0.124770412659561
       -0.014588477021733
       -0.288253306771461
       -0.401211622089007
        0.288253306771461
        0.000022931706142
       -0.267756803089930
       -0.000022931706142
       -1.383163294567360
       -0.059083086485658
       -1.747755256346920
        1.494965260824200
       -0.028966138042933
       -1.497747002874390
       -0.014588477560501
       -0.124770412483117
        0.014588477560501
        0.288253306487945
       -0.401211622062709
       -0.288253306487945
        0.000022931846415
       -0.267756803174532
       -0.000022931846415
       -2.953959628375730
        0.059083086061589
        2.964633730827930
        1.494965263833420
       -0.028966137831862
       -1.497747005909890
       -0.014588477447863
       -0.124770412427137
        0.014588477447863
       -0.288253306547174
       -0.401211622170228
        0.288253306547174
       -0.000022931798375
       -0.267756803167291
        0.000022931798375
       -2.953959624558450
        0.059083086283192
        2.964633727378880
       -1.646627404162330
       -0.028966137907715
       -1.497746992105610
       -0.014588477453189
       -0.124770412470911
        0.014588477453189
        0.288253306540624
       -0.401211622066961
       -0.288253306540624
        0.000022931799786
       -0.267756803196497
       -0.000022931799786
       -1.383163301673530
       -0.059083086069384
        1.393837404119190
        1.494965264285900
       -0.028966137852093
       -1.497747006373900
       -0.014588477731630
       -0.124770412479696
        0.014588477731630
        0.288253306445505
       -0.401211622020006
       -0.288253306445505
        0.000022932094224
       -0.267756803205284
       -0.000022932094224
       -1.383163297482440
       -0.059083086157905
        1.393837400119960
        3.065761597695070
        0.028966137776782
       -3.068543339529970
       -0.014588477487721
       -0.124770412480784
        0.014588477487721
       -0.288253306497563
       -0.401211622086853
        0.288253306497563
       -0.000022931791766
       -0.267756803210776
        0.000022931791766
       -1.383163303578920
       -0.059083085962272
        1.393837405899050
        1.494965261528430
       -0.028966137836349
        1.643845649892570
        0.014588477236729
       -0.124770412463519
       -0.014588477236729
        0.288253306576055
       -0.401211622119092
       -0.288253306576055
       -0.000022931964667
       -0.267756803235585
        0.000022931964667
        1.758429352540800
       -0.059083086097111
        1.393837403547450
        3.065761597056490
        0.028966137803382
        0.073049314607640
        0.014588477623942
       -0.124770412456435
       -0.014588477623942
       -0.288253306521532
       -0.401211622112691
        0.288253306521532
        0.000022931957310
       -0.267756803265664
       -0.000022931957310
       -2.953959630650020
        0.059083085996222
       -0.176958920636243
        3.065761594378310
        0.028966137825030
       -3.068543336393550
        0.014588476976239
       -0.124770412421582
       -0.014588476976239
       -0.288253306813653
       -0.401211622104892
        0.288253306813653
        0.000022931929355
       -0.267756803190653
       -0.000022931929355
       -1.383163300343370
       -0.059083086173645
       -1.747755250807660
        3.065761586612320
        0.028966137879950
       -3.068543328742290
        0.014588477942378
       -0.124770412488119
       -0.014588477942378
       -0.288253306539832
       -0.401211622050599
        0.288253306539832
        0.000022931945362
       -0.267756803186015
       -0.000022931945362
        0.187633028678615
        0.059083086268763
        2.964633727564530
       -0.075831062093295
        0.028966137843170
        0.073049320016147
        0.014588476786186
       -0.124770412496254
       -0.014588476786186
       -0.288253306235723
       -0.401211621952949
        0.288253306235723
        0.000022931600743
       -0.267756803204855
       -0.000022931600743
       -2.953959635025930
        0.059083085764048
       -0.176958916493640
        1.494965249774340
       -0.028966137987143
       -1.497746992331810
        0.014588478207572
       -0.124770412434027
       -0.014588478207572
       -0.288253306250178
       -0.401211622008137
        0.288253306250178
        0.000022931356555
       -0.267756803282030
       -0.000022931356555
       -1.383163297953510
       -0.059083086221250
       -1.747755253014060
       -0.075831075163649
        0.028966138054008
        0.073049332707081
       -0.014588477476606
       -0.124770412494147
        0.014588477476606
        0.288253306489770
       -0.401211622054230
       -0.288253306489770
        0.000022931642925
       -0.267756803176683
       -0.000022931642925
        0.187633028567240
        0.059083086177191
       -0.176958925936620
        3.065761587684860
        0.028966137882941
       -3.068543329857760
        0.024048292116370
        3.016740716315300
        0.020010675484696
        0.399716659482773
        2.687784433941840
        0.227274287874989
        0.138307931870691
       -0.276171411067103
       -0.112044327494534
        0.187633025903141
        0.059083086103292
        2.964633730173120
       -0.075831060995255
        0.028966137830192
        3.214641972559860
        0.014588477915666
       -0.124770412476818
       -0.014588477915666
        0.288253306491710
       -0.401211621975005
       -0.288253306491710
       -0.000022931890009
       -0.267756803279569
        0.000022931890009
       -1.383163299094670
       -0.059083086163330
       -1.747755251777680
       -1.646627388619760
       -0.028966137819838
       -1.497747007159960
       -0.014588477849128
       -0.124770412479457
        0.014588477849128
        0.288253306633979
       -0.401211622149880
       -0.288253306633979
        0.000022931959102
       -0.267756803246961
       -0.000022931959102
        0.187633026010240
        0.059083086085710
       -0.176958923459782
       -0.075831063924722
        0.028966137844229
        0.073049321796114
        0.014588478109911
       -0.124770412505431
       -0.014588478109911
       -0.288253306585513
       -0.401211622169750
        0.288253306585513
        0.000022931998140
       -0.267756803299754
       -0.000022931998140
        0.187633030472536
        0.059083086289282
        2.964633725859210
        3.065761596128020
        0.028966137822443
       -3.068543338104700
       -0.945802277942393
        0.290410025737014
        1.064460694986400
        0.364635841993284
        2.707079662912450
        0.203861462097358
       -0.087443856632820
       -0.271077305818602
        0.071026379557391
        0.187633024840855
        0.059083086061984
       -0.176958922449561
       -1.646627386055000
       -0.028966137810895
        1.643845644100490
       -1.140400368941150
       -1.334493714656890
        0.371776851620378
        1.386844507796190
        0.371407748651239
       -1.497814279464550
        1.445685174437890
        1.327813506015950
        0.101444171893380
        1.758429352930690
       -0.059083086106155
        1.393837403157300
        4.636557919759710
       -0.028966137812972
       -1.497747008208760
        0.016700899700266
       -0.124785149419251
       -0.016480073825961
        0.786565828039903
        0.933465278660278
       -1.055318587177960
       -0.531820604411594
       -0.437777143189611
        0.395661697248933
       -2.953959628672300
        0.059083086047194
       -0.176958922488964
       -1.646627387411320
       -0.028966137826475
        1.643845645389380
       -0.014588477628562
       -0.124770412465784
        0.014588477628562
        0.288253306504897
       -0.401211622121202
       -0.288253306504897
        0.000022931935428
       -0.267756803235256
       -0.000022931935428
        0.187633029696592
        0.059083086190643
       -0.176958927062700
        1.494965266938760
       -0.028966137797903
       -1.497747008916850
        0.014588477612193
       -0.124770412491959
       -0.014588477612193
       -0.288253306462173
       -0.401211622089662
        0.288253306462173
        0.000022931912089
       -0.267756803215768
       -0.000022931912089
        0.187633024760679
        0.059083086009968
        2.964633731283490
       -1.646627387479590
       -0.028966137808193
        1.643845645489180
        0.014588477667309
       -0.124770412482476
       -0.014588477667309
       -0.288253306529299
       -0.401211622033592
        0.288253306529299
        0.000022931938001
       -0.267756803206605
       -0.000022931938001
        1.758429352102720
       -0.059083086126500
        1.393837403912280
       -0.075831060082717
        0.028966137776664
        0.073049318119271
        0.173193507662454
       -0.131688571748299
       -0.155989803699587
        0.999230030121349
        0.597767452094306
       -1.107915148842080
        0.089623211258475
       -0.271246387175002
       -0.072798774855199
        0.187633021316056
        0.059083085877588
        2.964633734510690
        1.494965261563380
       -0.028966137897301
       -1.497747003730460
        0.014588477425379
       -0.124770412451026
       -0.014588477425379
        0.288253306515146
       -0.401211622124695
       -0.288253306515146
       -0.000022931975232
       -0.267756803237059
        0.000022931975232
       -2.953959631421920
        0.059083085964144
       -0.176958919933177
       -1.646627384058970
       -0.028966137776083
       -1.497747011391870
       -0.196186060770763
       -0.133768133087935
        0.173233102444814
        0.056460776678401
        1.918698948965340
       -1.457859195107360
        1.053658918367680
       -1.370604816960040
       -0.387268489775236
        1.758429350931800
       -0.059083085940276
        1.393837405059420
       -1.646627385737130
       -0.028966137804627
        1.643845643761530
       -0.051387210964605
       -0.125313463480371
        0.044479600895843
        0.494653053216927
        1.526332967667970
       -1.147407027554930
       -1.497501476803370
       -1.830097323646180
        0.059564090797252
       -1.383163294689120
       -0.059083086405928
       -1.747755256057500
       -1.646627395145030
       -0.028966137861330
        1.643845652898990
       -0.243569701687870
       -0.139085824173806
        0.217809977435903
       -0.107210943901442
        1.906458371176820
       -1.585058120386350
        0.058406480151034
       -0.269231194721540
       -0.047485154543852
       -1.383163301851080
       -0.059083086051153
        1.393837404272230
       -1.646627389400000
        6.254219169339670
       -1.497747006258230
        0.014588477541118
       -0.124770412454428
       -0.014588477541118
       -0.288253306556985
       -0.401211622071415
        0.288253306556985
        0.000022931765534
       -0.267756803197986
       -0.000022931765534
        1.758429352522780
       -0.059083086079879
        1.393837403550070
        1.494965263901720
       -0.028966137854344
       -1.497747005971260
       -0.014588382891391
       -0.124770411974577
        0.014588382891391
       -0.288253306823309
       -0.401211622336091
        0.288253306823309
       -0.000022732681749
       -0.267756803319282
        0.000022732681749
        1.758428602284840
       -0.059083052973282
       -1.747754542633740
       -0.075838617468976
        0.028966201724373
       -3.068535997756590
       -0.014588572225782
       -0.124770412969039
        0.014588572225782
       -0.288253306210483
       -0.401211621811975
        0.288253306210483
       -0.000023131450154
       -0.267756803027361
        0.000023131450154
        1.758430102746270
       -0.059083119141424
       -1.747755957512790
       -0.075823503589553
        0.028966073936156
       -3.068550672370530
       -0.014588472336028
       -0.124770412441094
        0.014588472336028
       -0.288253306331098
       -0.401211622098263
        0.288253306331098
       -0.000022929794246
       -0.267756802992524
        0.000022929794246
        0.187632937100874
        0.059083082148438
       -0.176958839671151
       -1.646627419255420
       -0.028966138103988
       -1.497746977506520
       -0.871074035066504
        0.375420027447754
        1.031813770266350
        0.341803434569853
        2.718210593974210
        0.188182046135891
        0.211813849288157
       -0.288076322348750
       -0.170537782342936
        3.329225679347870
        0.059083086071218
       -3.318551576865120
       -0.075831062422351
        0.028966137831042
        0.073049320333804
       -0.014588476481627
       -0.124770412429785
        0.014588476481627
       -0.288253306612738
       -0.401211622117880
        0.288253306612738
       -0.000022932267381
       -0.267756803273296
        0.000022932267381
       -1.383163303612310
       -0.059083085953061
        1.393837405897470
        3.065761602884440
        0.028966137659669
        0.073049309059853
       -0.014588703922831
       -0.124770413663541
        0.014588703922831
       -0.288253306453350
       -0.401211621806038
        0.288253306453350
       -0.000023131992267
       -0.267756803105646
        0.000023131992267
       -1.383159450703090
       -0.059083253874571
        1.393833770994940
        3.065768339132200
        0.028966080758352
        0.073042773496013
       -0.014588251702558
       -0.124770411241022
        0.014588251702558
       -0.288253306679677
       -0.401211622340203
        0.288253306679677
       -0.000022731301057
       -0.267756803276464
        0.000022731301057
       -1.383167136058910
       -0.059082919197519
        1.393841021536630
        3.065754840252250
        0.028966195181368
        0.073055870131415
       -0.014588477588325
       -0.124770412484219
        0.014588477588325
        0.288253306539350
       -0.401211622002550
       -0.288253306539350
        0.000022931314101
       -0.267756803156060
       -0.000022931314101
       -1.383163311189550
       -0.059083085787727
        1.393837413167480
       -1.646627405339320
       -0.028966138154173
        1.643845662832820
       -0.014588477742655
       -0.124770412477709
        0.014588477742655
       -0.288253306507158
       -0.401211622075352
        0.288253306507158
       -0.000022931868739
       -0.267756803190043
        0.000022931868739
        0.187633028436104
        0.059083086206858
       -0.176958925807752
        1.494965264607620
       -0.028966137829898
        1.643845646914680
        0.014588669710911
       -0.124770413539807
       -0.014588669710911
       -0.288253306259097
       -0.401211621663727
        0.288253306259097
        0.000023139095070
       -0.267756802966499
       -0.000023139095070
        0.187636009349487
        0.059083216207355
        2.964630915702180
        1.494972522413160
       -0.028966076410687
       -1.497754050037490
       -0.014588478390148
       -0.124770412524597
        0.014588478390148
        0.288253306499328
       -0.401211622006250
       -0.288253306499328
        0.000022932026703
       -0.267756803239086
       -0.000022932026703
       -1.383163298529780
       -0.059083086266131
        1.393837401311560
       -0.075831059715035
        0.028966137832069
        0.073049317574707
       -1.016222307420320
       -4.216129587713930
       -0.463629459375921
        0.224139420559899
       -0.381007750503452
       -0.103190168837752
        0.076585865910056
       -0.270298816931231
       -0.062231771360271
        0.187633021734403
        0.059083085770333
       -0.176958919580147
       -3.217423717077510
        0.028966137846792
        0.073049321307171
        0.014588612415543
       -0.124770413181117
       -0.014588612415543
        0.288253306101317
       -0.401211621594402
       -0.288253306101317
       -0.000023178279839
       -0.267756803043144
        0.000023178279839
        0.187634364173802
        0.059083144911546
        2.964632467962940
       -0.075821833690467
        0.028966059872682
       -3.068552292945840
        0.014588327971451
       -0.124770411687002
       -0.014588327971451
        0.288253307005235
       -0.401211622510320
       -0.288253307005235
       -0.000022658465501
       -0.267756803336102
        0.000022658465501
        0.187631538391920
        0.059083020833814
        2.964635133075180
       -0.075841294319014
        0.028966224248272
       -3.068533399519530
