    44
Energy of minimum      1=  -2.838345804 first found at step        5 after                  245 function calls
0.1
0.2
0.3
0.4
0.5
0.6
0.7
0.8
0.9
1.0
0.1
0.2
0.3
0.4
0.5
0.6
0.7
0.8
0.9
1.0
0.1
0.2
0.3
0.4
0.5
0.6
0.7
0.8
0.9
1.0
0.1
0.2
0.3
0.4
0.5
0.6
0.7
0.8
0.9
1.0
0.1
0.2
0.3
0.4
44
Energy of minimum      1=  -3.044331269649873  first found at step        5 after                  245 function calls
-0.40235628271192
0.801427991200998
0.993249426049836
-5.98713417697451
5.28662663329015
0.89613915697968
0
-0.248234627462708
-6.39781019571946
0.627160258766114
9.52317045251243
2.81531517170504
-10.8264951745902
-3.20506324577163
-5.15962135505689
3.07836665728909
7.39794221728795
-0.695425186577634
4.13576653188074
6.89501266052255
-2.25175920470475
2.83727274987506
-2.74475267982079
-2.2986020319906
-0.602764178615488
6.77641311682947
-1.33333576792418
-1.18589953801171
3.2482593132122
3.27170192989342
0
-5.88174751693426
-3.06994013773421
1.90440713403754
7.60835252768514
-3.05914273684187
5.58963122772475
-1.59735340812737
-1.30615806244778
-1.2668895713351
0.274023598543163
3.47292566525689
6.86517824508768
0.134655648022772
